0: 0, [0]
1: 1, [0]
2: 0, [1, 0]
3: 0, [2, 1, 0]
4: 1, [2, 1, 0]
5: 0, [3, 2, 1, 0]
6: 1, [3, 2, 1, 0]
7: 0, [4, 3, 2, 1, 0]
8: 0, [5, 4, 3, 2, 1, 0]
9: 1, [5, 4, 3, 2, 1, 0]
10: 0, [6, 5, 4, 3, 2, 1, 0]
11: 1, [6, 5, 4, 3, 2, 1, 0]
12: 0, [7, 6, 5, 4, 3, 2, 1, 0]
13: 1, [7, 6, 5, 4, 3, 2, 1, 0]
14: 0, [8, 7, 6, 5, 4, 3, 2, 1, 0]
15: 0, [9, 8, 7, 6, 5, 4, 3, 2, 1]
16: 1, [9, 8, 7, 6, 5, 4, 3, 2]
17: 0, [10, 9, 8, 7, 6, 5, 4, 3, 2]
18: 1, [10, 9, 8, 7, 6, 5, 4, 3]
19: 0, [11, 10, 9, 8, 7, 6, 5, 4, 3]
20: 0, [12, 11, 10, 9, 8, 7, 6, 5, 4]
21: 1, [12, 11, 10, 9, 8, 7, 6, 5]
22: 0, [13, 12, 11, 10, 9, 8, 7, 6, 5]
23: 1, [13, 12, 11, 10, 9, 8, 7, 6]
24: 0, [14, 13, 12, 11, 10, 9, 8, 7, 6]
25: 1, [14, 13, 12, 11, 10, 9, 8, 7]
26: 0, [15, 14, 13, 12, 11, 10, 9, 8, 7]
27: 0, [16, 15, 14, 13, 12, 11, 10, 9, 8]
28: 1, [16, 15, 14, 13, 12, 11, 10, 9]
29: 0, [17, 16, 15, 14, 13, 12, 11, 10, 9]
30: 1, [17, 16, 15, 14, 13, 12, 11, 10]
31: 0, [18, 17, 16, 15, 14, 13, 12, 11, 10]
32: 0, [19, 18, 17, 16, 15, 14, 13, 12, 11]
33: 1, [19, 18, 17, 16, 15, 14, 13, 12]
34: 0, [20, 19, 18, 17, 16, 15, 14, 13, 12]
35: 1, [20, 19, 18, 17, 16, 15, 14, 13]
36: 0, [21, 20, 19, 18, 17, 16, 15, 14, 13]
37: 1, [21, 20, 19, 18, 17, 16, 15, 14]
38: 0, [22, 21, 20, 19, 18, 17, 16, 15, 14]
39: 0, [23, 22, 21, 20, 19, 18, 17, 16, 15]
40: 1, [23, 22, 21, 20, 19, 18, 17, 16]
41: 0, [24, 23, 22, 21, 20, 19, 18, 17, 16]
42: 1, [24, 23, 22, 21, 20, 19, 18, 17]
43: 0, [25, 24, 23, 22, 21, 20, 19, 18, 17]
44: 0, [26, 25, 24, 23, 22, 21, 20, 19, 18]
45: 1, [26, 25, 24, 23, 22, 21, 20, 19]
46: 0, [27, 26, 25, 24, 23, 22, 21, 20, 19]
47: 1, [27, 26, 25, 24, 23, 22, 21, 20]
48: 0, [28, 27, 26, 25, 24, 23, 22, 21, 20]
49: 1, [28, 27, 26, 25, 24, 23, 22, 21]
50: 0, [29, 28, 27, 26, 25, 24, 23, 22, 21]
51: 0, [30, 29, 28, 27, 26, 25, 24, 23, 22]
52: 1, [30, 29, 28, 27, 26, 25, 24, 23]
53: 0, [31, 30, 29, 28, 27, 26, 25, 24, 23]
54: 1, [31, 30, 29, 28, 27, 26, 25, 24]
55: 0, [32, 31, 30, 29, 28, 27, 26, 25, 24]
56: 0, [33, 32, 31, 30, 29, 28, 27, 26, 25]
57: 1, [33, 32, 31, 30, 29, 28, 27, 26]
58: 0, [34, 33, 32, 31, 30, 29, 28, 27, 26]
59: 1, [34, 33, 32, 31, 30, 29, 28, 27]
60: 0, [35, 34, 33, 32, 31, 30, 29, 28, 27]
61: 1, [35, 34, 33, 32, 31, 30, 29, 28]
62: 0, [36, 35, 34, 33, 32, 31, 30, 29, 28]
63: 0, [37, 36, 35, 34, 33, 32, 31, 30, 29]
64: 1, [37, 36, 35, 34, 33, 32, 31, 30]
65: 0, [38, 37, 36, 35, 34, 33, 32, 31, 30]
66: 1, [38, 37, 36, 35, 34, 33, 32, 31]
67: 0, [39, 38, 37, 36, 35, 34, 33, 32, 31]
68: 0, [40, 39, 38, 37, 36, 35, 34, 33, 32]
69: 1, [40, 39, 38, 37, 36, 35, 34, 33]
70: 0, [41, 40, 39, 38, 37, 36, 35, 34, 33]
71: 1, [41, 40, 39, 38, 37, 36, 35, 34]
72: 0, [42, 41, 40, 39, 38, 37, 36, 35, 34]
73: 1, [42, 41, 40, 39, 38, 37, 36, 35]
74: 0, [None, 42, 41, 40, 39, 38, 37, 36, 35]
75: 0, [None, None, 42, 41, 40, 39, 38, 37, 36]
76: 1, [None, None, 42, 41, 40, 39, 38, 37]
77: 0, [None, None, None, 42, 41, 40, 39, 38, 37]
78: 1, [None, None, None, 42, 41, 40, 39, 38]
79: 0, [None, None, None, None, 42, 41, 40, 39, 38]
80: 0, [None, None, None, None, None, 42, 41, 40, 39]
81: 1, [None, None, None, None, None, 42, 41, 40]
82: 0, [None, None, None, None, None, None, 42, 41, 40]
83: 1, [None, None, None, None, None, None, 42, 41]
84: 0, [None, None, None, None, None, None, None, 42, 41]
85: 1, [None, None, None, None, None, None, None, 42]
86: 0, [None, None, None, None, None, None, None, None, 42]
87: 0, [None, None, None, None, None, None, None, None, None]
